descriptor-temperature	descriptor-pressure	CO2_g	CO_g	H2O_g	H2_g	HCOOH_g
400.0	100.0	93295.14411869578	0.011020009835104172	0.011020009835104172	93295.14411869578	0.0
400.0	94.78947368421052	93227.59038885335	0.011306548354525664	0.011306548354525664	93227.59038885335	0.0
400.0	89.57894736842105	93154.30566274999	0.011617022265624104	0.011617022265624104	93154.30566274999	0.0
400.0	84.36842105263158	93074.42820638548	0.011954983777260973	0.011954983777260973	93074.42820638548	0.0
400.0	79.1578947368421	92986.90286543324	0.012324772995423405	0.012324772995423405	92986.90286543324	0.0
400.0	73.94736842105263	92890.4213262597	0.012731758558741169	0.012731758558741169	92890.4213262597	0.0
400.0	68.73684210526315	92783.33813148872	0.013182674883968565	0.013182674883968565	92783.33813148872	0.0
400.0	63.526315789473685	92663.54987897271	0.013686105579679366	0.013686105579679366	92663.54987897271	0.0
400.0	58.315789473684205	92528.31685074275	0.014253194498112114	0.014253194498112114	92528.31685074275	0.0
400.0	53.10526315789473	92373.99151917952	0.014898723333038813	0.014898723333038813	92373.99151917952	0.0
400.0	47.89473684210526	92195.59034362734	0.01564280287734896	0.01564280287734896	92195.59034362734	0.0
400.0	42.68421052631579	91986.0891979766	0.016513640126561896	0.016513640126561896	91986.0891979766	0.0
400.0	37.473684210526315	91735.20307664802	0.017552299174967805	0.017552299174967805	91735.20307664802	0.0
400.0	32.26315789473684	91427.13411795895	0.01882141808106775	0.01882141808106775	91427.13411795895	0.0
400.0	27.052631578947366	91036.0659048684	0.02042248182125558	0.02042248182125558	91036.0659048684	0.0
400.0	21.842105263157894	90516.13138376019	0.022533813623760186	0.022533813623760186	90516.13138376019	0.0
400.0	16.63157894736842	89775.47918794972	0.02550719514911993	0.02550719514911993	89775.47918794972	0.0
400.0	11.421052631578947	88592.13735303294	0.03017396310486834	0.03017396310486834	88592.13735303294	0.0
400.0	6.2105263157894735	86204.139018141	0.03927536484065879	0.03927536484065879	86204.139018141	0.0
400.0	1.0	74264.54762172888	0.07826407916391981	0.07826407916391981	74264.54762172888	0.0
394.7368421052632	100.0	71864.21606576555	0.006196817971351273	0.006196817971351273	71864.21606576555	0.0
394.7368421052632	94.78947368421052	71820.24026546133	0.0063590159798033825	0.0063590159798033825	71820.24026546133	0.0
394.7368421052632	89.57894736842105	71772.52565876531	0.006534826307261532	0.006534826307261532	71772.52565876531	0.0
394.7368421052632	84.36842105263158	71720.50904972634	0.00672627712309442	0.00672627712309442	71720.50904972634	0.0
394.7368421052632	79.1578947368421	71663.50062560469	0.0069358480669163	0.0069358480669163	71663.50062560469	0.0
394.7368421052632	73.94736842105263	71600.6447914129	0.007166608600165181	0.007166608600165181	71600.6447914129	0.0
394.7368421052632	68.73684210526315	71530.86508585863	0.007422412084403082	0.007422412084403082	71530.86508585863	0.0
394.7368421052632	63.526315789473685	71452.78491328403	0.007708174264800731	0.007708174264800731	71452.78491328403	0.0
394.7368421052632	58.315789473684205	71364.61043884038	0.008030283363718527	0.008030283363718527	71364.61043884038	0.0
394.7368421052632	53.10526315789473	71263.95224382087	0.008397222383895805	0.008397222383895805	71263.95224382087	0.0
394.7368421052632	47.89473684210526	71147.54385510214	0.008820547235878017	0.008820547235878017	71147.54385510214	0.0
394.7368421052632	42.68421052631579	71010.77826364062	0.009316489790947534	0.009316489790947534	71010.77826364062	0.0
394.7368421052632	37.473684210526315	70846.90449489694	0.009908721460900825	0.009908721460900825	70846.90449489694	0.0
394.7368421052632	32.26315789473684	70645.54340614918	0.010633425080829106	0.010633425080829106	70645.54340614918	0.0
394.7368421052632	27.052631578947366	70389.71442741559	0.011549374173921427	0.011549374173921427	70389.71442741559	0.0
394.7368421052632	21.842105263157894	70049.20514741621	0.012760183122671482	0.012760183122671482	70049.20514741621	0.0
394.7368421052632	16.63157894736842	69563.39583604466	0.014471170498531876	0.014471170498531876	69563.39583604466	0.0
394.7368421052632	11.421052631578947	68785.372644412	0.017170785259576746	0.017170785259576746	68785.372644412	0.0
394.7368421052632	6.2105263157894735	67208.30228044909	0.022488937823839532	0.022488937823839532	67208.30228044909	0.0
394.7368421052632	1.0	59174.72329817574	0.04630217677126029	0.04630217677126029	59174.72329817574	0.0
389.47368421052636	100.0	54930.044149676185	0.003426071523629541	0.003426071523629541	54930.044149676185	0.0
389.47368421052636	94.78947368421052	54901.78456977282	0.003516261229693343	0.003516261229693343	54901.78456977282	0.0
389.47368421052636	89.57894736842105	54871.117858740174	0.0036140505523940014	0.0036140505523940014	54871.117858740174	0.0
389.47368421052636	84.36842105263158	54837.6808492745	0.0037205756478483417	0.0037205756478483417	54837.6808492745	0.0
389.47368421052636	79.1578947368421	54801.028612512884	0.0038372263586389	0.0038372263586389	54801.028612512884	0.0
389.47368421052636	73.94736842105263	54760.609134087696	0.003965724180367274	0.003965724180367274	54760.609134087696	0.0
389.47368421052636	68.73684210526315	54715.727684426834	0.004108231720282475	0.004108231720282475	54715.727684426834	0.0
389.47368421052636	63.526315789473685	54665.49552565469	0.0042675098993330595	0.0042675098993330595	54665.49552565469	0.0
389.47368421052636	58.315789473684205	54608.754101081366	0.004447149676446404	0.004447149676446404	54608.754101081366	0.0
389.47368421052636	53.10526315789473	54543.95952186135	0.004651924073673112	0.004651924073673112	54543.95952186135	0.0
389.47368421052636	47.89473684210526	54469.00015595181	0.004888342183782085	0.004888342183782085	54469.00015595181	0.0
389.47368421052636	42.68421052631579	54380.89606713759	0.005165558453085655	0.005165558453085655	54380.89606713759	0.0
389.47368421052636	37.473684210526315	54275.27760908866	0.005496942898533713	0.005496942898533713	54275.27760908866	0.0
389.47368421052636	32.26315789473684	54145.42135231289	0.005902968685602496	0.005902968685602496	54145.42135231289	0.0
389.47368421052636	27.052631578947366	53980.31668656903	0.006416964724290592	0.006416964724290592	53980.31668656903	0.0
389.47368421052636	21.842105263157894	53760.34843206823	0.007097854272250011	0.007097854272250011	53760.34843206823	0.0
389.47368421052636	16.63157894736842	53446.09291115245	0.00806284551340345	0.00806284551340345	53446.09291115245	0.0
389.47368421052636	11.421052631578947	52941.76775359782	0.009592362916612331	0.009592362916612331	52941.76775359782	0.0
389.47368421052636	6.2105263157894735	51915.49208719193	0.012631706063031623	0.012631706063031623	51915.49208719193	0.0
389.47368421052636	1.0	46600.5511303948	0.026771083703926994	0.026771083703926994	46600.5511303948	0.0
384.2105263157895	100.0	41653.31411163209	0.001861324500479409	0.001861324500479409	41653.31411163209	0.0
384.2105263157895	94.78947368421052	41635.39457193881	0.0019105645602445736	0.0019105645602445736	41635.39457193881	0.0
384.2105263157895	89.57894736842105	41615.94618197833	0.001963968070488562	0.001963968070488562	41615.94618197833	0.0
384.2105263157895	84.36842105263158	41594.73796937574	0.0020221592875793288	0.0020221592875793288	41594.73796937574	0.0
384.2105263157895	79.1578947368421	41571.486898614705	0.0020859022218848635	0.0020859022218848635	41571.486898614705	0.0
384.2105263157895	73.94736842105263	41545.84172724015	0.0021561436952898813	0.0021561436952898813	41545.84172724015	0.0
384.2105263157895	68.73684210526315	41517.3602850728	0.0022340738319527476	0.0022340738319527476	41517.3602850728	0.0
384.2105263157895	63.526315789473685	41485.47675361711	0.002321212999801728	0.002321212999801728	41485.47675361711	0.0
384.2105263157895	58.315789473684205	41449.45328676532	0.0024195400754510638	0.0024195400754510638	41449.45328676532	0.0
384.2105263157895	53.10526315789473	41408.30626275256	0.00253168748383717	0.00253168748383717	41408.30626275256	0.0
384.2105263157895	47.89473684210526	41360.689768938435	0.002661248477712069	0.002661248477712069	41360.689768938435	0.0
384.2105263157895	42.68421052631579	41304.703510183645	0.00281328209592747	0.00281328209592747	41304.703510183645	0.0
384.2105263157895	37.473684210526315	41237.55935481838	0.0029951864259174384	0.0029951864259174384	41237.55935481838	0.0
384.2105263157895	32.26315789473684	41154.9643040809	0.003218307272330958	0.003218307272330958	41154.9643040809	0.0
384.2105263157895	27.052631578947366	41049.88190429116	0.003501149665320962	0.003501149665320962	41049.88190429116	0.0
384.2105263157895	21.842105263157894	40909.76313640694	0.0038765083485200478	0.0038765083485200478	40909.76313640694	0.0
384.2105263157895	16.63157894736842	40709.34915723338	0.00440983114207724	0.00440983114207724	40709.34915723338	0.0
384.2105263157895	11.421052631578947	40387.13932967993	0.005258464364562332	0.005258464364562332	40387.13932967993	0.0
384.2105263157895	6.2105263157894735	39729.22698302981	0.006957418493929992	0.006957418493929992	39729.22698302981	0.0
384.2105263157895	1.0	36272.12412929581	0.015125353616327995	0.015125353616327995	36272.12412929581	0.0
378.9473684210526	100.0	31327.218583270103	0.000993081973389942	0.000993081973389942	31327.218583270103	0.0
378.9473684210526	94.78947368421052	31316.011179315858	0.00101946411080518	0.00101946411080518	31316.011179315858	0.0
378.9473684210526	89.57894736842105	31303.84625414555	0.0010480835607412616	0.0010480835607412616	31303.84625414555	0.0
378.9473684210526	84.36842105263158	31290.578980874958	0.0010792766135191553	0.0010792766135191553	31290.578980874958	0.0
378.9473684210526	79.1578947368421	31276.03185325882	0.0011134550146740926	0.0011134550146740926	31276.03185325882	0.0
378.9473684210526	73.94736842105263	31259.984542535	0.0011511292613393424	0.0011511292613393424	31259.984542535	0.0
378.9473684210526	68.73684210526315	31242.159618069923	0.0011929413501011773	0.0011929413501011773	31242.159618069923	0.0
378.9473684210526	63.526315789473685	31222.201977256165	0.001239711874953233	0.001239711874953233	31222.201977256165	0.0
378.9473684210526	58.315789473684205	31199.648421292717	0.0012925095610760693	0.0012925095610760693	31199.648421292717	0.0
378.9473684210526	53.10526315789473	31173.881260037975	0.0013527570835407507	0.0013527570835407507	31173.881260037975	0.0
378.9473684210526	47.89473684210526	31144.054980888373	0.0014223979349568072	0.0014223979349568072	31144.054980888373	0.0
378.9473684210526	42.68421052631579	31108.975293566986	0.0015041709318816892	0.0015041709318816892	31108.975293566986	0.0
378.9473684210526	37.473684210526315	31066.889044178977	0.0016020855243467631	0.0016020855243467631	31066.889044178977	0.0
378.9473684210526	32.26315789473684	31015.09520774519	0.0017222986636350498	0.0017222986636350498	31015.09520774519	0.0
378.9473684210526	27.052631578947366	30949.163385293145	0.0018748684879693915	0.0018748684879693915	30949.163385293145	0.0
378.9473684210526	21.842105263157894	30861.184815503264	0.0020776567993692156	0.0020776567993692156	30861.184815503264	0.0
378.9473684210526	16.63157894736842	30735.220414019917	0.002366409352898413	0.002366409352898413	30735.220414019917	0.0
378.9473684210526	11.421052631578947	30532.38901615851	0.0028274188703583825	0.0028274188703583825	30532.38901615851	0.0
378.9473684210526	6.2105263157894735	30117.012650146873	0.0037562588366142767	0.0037562588366142767	30117.012650146873	0.0
378.9473684210526	1.0	27906.49647676471	0.008349471309703708	0.008349471309703708	27906.49647676471	0.0
373.6842105263158	100.0	23361.899668011753	0.0005200031957849247	0.0005200031957849247	23361.899668011753	0.0
373.6842105263158	94.78947368421052	23354.989423499228	0.000533867193777562	0.000533867193777562	23354.989423499228	0.0
373.6842105263158	89.57894736842105	23347.48808788792	0.0005489098706784053	0.0005489098706784053	23347.48808788792	0.0
373.6842105263158	84.36842105263158	23339.30616844924	0.0005653087677810351	0.0005653087677810351	23339.30616844924	0.0
373.6842105263158	79.1578947368421	23330.333960860975	0.0005832813381409624	0.0005832813381409624	23330.333960860975	0.0
373.6842105263158	73.94736842105263	23320.435270603408	0.0006030972911464662	0.0006030972911464662	23320.435270603408	0.0
373.6842105263158	68.73684210526315	23309.438571998264	0.0006250959539771605	0.0006250959539771605	23309.438571998264	0.0
373.6842105263158	63.526315789473685	23297.12426910885	0.0006497112545676099	0.0006497112545676099	23297.12426910885	0.0
373.6842105263158	58.315789473684205	23283.205848594196	0.00067750862814872	0.00067750862814872	23283.205848594196	0.0
373.6842105263158	53.10526315789473	23267.301129726653	0.0007092412213761778	0.0007092412213761778	23267.301129726653	0.0
373.6842105263158	47.89473684210526	23248.88680635611	0.0007459385908395198	0.0007459385908395198	23248.88680635611	0.0
373.6842105263158	42.68421052631579	23227.223435510597	0.0007890527476038326	0.0007890527476038326	23227.223435510597	0.0
373.6842105263158	37.473684210526315	23201.225087852916	0.0008407112982514366	0.0008407112982514366	23201.225087852916	0.0
373.6842105263158	32.26315789473684	23169.21784652549	0.0009041850279791911	0.0009041850279791911	23169.21784652549	0.0
373.6842105263158	27.052631578947366	23128.454301717542	0.0009848244546958457	0.0009848244546958457	23128.454301717542	0.0
373.6842105263158	21.842105263157894	23074.02604838483	0.0010921479200197953	0.0010921479200197953	23074.02604838483	0.0
373.6842105263158	16.63157894736842	22996.030054441442	0.001245248897823102	0.001245248897823102	22996.030054441442	0.0
373.6842105263158	11.421052631578947	22870.27056225106	0.0014903814348960181	0.0014903814348960181	22870.27056225106	0.0
373.6842105263158	6.2105263157894735	22612.076590559427	0.001986963495370126	0.001986963495370126	22612.076590559427	0.0
373.6842105263158	1.0	21222.85801780527	0.004502446251693687	0.004502446251693687	21222.85801780527	0.0
368.42105263157896	100.0	17269.527947301405	0.00026704563821761227	0.00026704563821761227	17269.527947301405	0.0
368.42105263157896	94.78947368421052	17265.329683667478	0.00027418711634427515	0.00027418711634427515	17265.329683667478	0.0
368.42105263157896	89.57894736842105	17260.771943154195	0.0002819370349607703	0.0002819370349607703	17260.771943154195	0.0
368.42105263157896	84.36842105263158	17255.80025389628	0.00029038720551629677	0.00029038720551629677	17255.80025389628	0.0
368.42105263157896	79.1578947368421	17250.347832398886	0.0002996501121513411	0.0002996501121513411	17250.347832398886	0.0
368.42105263157896	73.94736842105263	17244.33175628656	0.00030986531534516295	0.00030986531534516295	17244.33175628656	0.0
368.42105263157896	68.73684210526315	17237.647574048788	0.0003212084618174135	0.0003212084618174135	17237.647574048788	0.0
368.42105263157896	63.526315789473685	17230.16153642871	0.000333904255704513	0.000333904255704513	17230.16153642871	0.0
368.42105263157896	58.315789473684205	17221.699100185873	0.0003482456303704945	0.0003482456303704945	17221.699100185873	0.0
368.42105263157896	53.10526315789473	17212.027386625494	0.0003646229616609129	0.0003646229616609129	17212.027386625494	0.0
368.42105263157896	47.89473684210526	17200.82743734248	0.0003835702011256375	0.0003835702011256375	17200.82743734248	0.0
368.42105263157896	42.68421052631579	17187.64841655822	0.00040584089305570803	0.00040584089305570803	17187.64841655822	0.0
368.42105263157896	37.473684210526315	17171.82799438885	0.0004325400519757793	0.0004325400519757793	17171.82799438885	0.0
368.42105263157896	32.26315789473684	17152.344767348914	0.00046536801188067404	0.00046536801188067404	17152.344767348914	0.0
368.42105263157896	27.052631578947366	17127.521393696366	0.0005071094715437469	0.0005071094715437469	17127.521393696366	0.0
368.42105263157896	21.842105263157894	17094.359138973366	0.0005627255976285453	0.0005627255976285453	17094.359138973366	0.0
368.42105263157896	16.63157894736842	17046.802236921827	0.0006421881651203135	0.0006421881651203135	17046.802236921827	0.0
368.42105263157896	11.421052631578947	16970.03460691287	0.0007697250723262991	0.0007697250723262991	16970.03460691287	0.0
368.42105263157896	6.2105263157894735	16812.083523171597	0.001029277825352415	0.001029277825352415	16812.083523171597	0.0
368.42105263157896	1.0	15954.151969085782	0.0023712348367375853	0.0023712348367375853	15954.151969085782	0.0
363.1578947368421	100.0	12650.298617459399	0.0001344011674095451	0.0001344011674095451	12650.298617459399	0.0
363.1578947368421	94.78947368421052	12647.786758807142	0.00013800461799096073	0.00013800461799096073	12647.786758807142	0.0
363.1578947368421	89.57894736842105	12645.059637461689	0.000141915625726467	0.000141915625726467	12645.059637461689	0.0
363.1578947368421	84.36842105263158	12642.084611083794	0.0001461806696037164	0.0001461806696037164	12642.084611083794	0.0
363.1578947368421	79.1578947368421	12638.821654822641	0.00015085670820414937	0.00015085670820414937	12638.821654822641	0.0
363.1578947368421	73.94736842105263	12635.221064972242	0.00015601443001984815	0.00015601443001984815	12635.221064972242	0.0
363.1578947368421	68.73684210526315	12631.22022428689	0.00016174282824966147	0.00016174282824966147	12631.22022428689	0.0
363.1578947368421	63.526315789473685	12626.738939185745	0.00016815578951167703	0.00016815578951167703	12626.738939185745	0.0
363.1578947368421	58.315789473684205	12621.672538181307	0.00017540183640067297	0.00017540183640067297	12621.672538181307	0.0
363.1578947368421	53.10526315789473	12615.881338725367	0.0001836789800562847	0.0001836789800562847	12615.881338725367	0.0
363.1578947368421	47.89473684210526	12609.173983219516	0.00019325818813678927	0.00019325818813678927	12609.173983219516	0.0
363.1578947368421	42.68421052631579	12601.279923393722	0.00020452207925105467	0.00020452207925105467	12601.279923393722	0.0
363.1578947368421	37.473684210526315	12591.801569223191	0.00021803210134726855	0.00021803210134726855	12591.801569223191	0.0
363.1578947368421	32.26315789473684	12580.125554324839	0.0002346528577325298	0.0002346528577325298	12580.125554324839	0.0
363.1578947368421	27.052631578947366	12565.24415147605	0.0002558017128251973	0.0002558017128251973	12565.24415147605	0.0
363.1578947368421	21.842105263157894	12545.35470307253	0.00028400694738382715	0.00028400694738382715	12545.35470307253	0.0
363.1578947368421	16.63157894736842	12516.813982367636	0.00032435883260110613	0.00032435883260110613	12516.813982367636	0.0
363.1578947368421	11.421052631578947	12470.698113825734	0.00038925555553884016	0.00038925555553884016	12470.698113825734	0.0
363.1578947368421	6.2105263157894735	12375.639279021956	0.000521841872168278	0.000521841872168278	12375.639279021956	0.0
363.1578947368421	1.0	11855.129981867882	0.001219300456013028	0.001219300456013028	11855.129981867882	0.0
357.89473684210526	100.0	9179.532875607998	6.623930071459538e-05	6.623930071459538e-05	9179.532875607998	0.0
357.89473684210526	94.78947368421052	9178.053720151353	6.801907196952801e-05	6.801907196952801e-05	9178.053720151353	0.0
357.89473684210526	89.57894736842105	9176.447711796402	6.99509758795126e-05	6.99509758795126e-05	9176.447711796402	0.0
357.89473684210526	84.36842105263158	9174.695603032409	7.205803211561405e-05	7.205803211561405e-05	9174.695603032409	0.0
357.89473684210526	79.1578947368421	9172.773790903775	7.436845646127014e-05	7.436845646127014e-05	9172.773790903775	0.0
357.89473684210526	73.94736842105263	9170.65296155525	7.691727413208679e-05	7.691727413208679e-05	9170.65296155525	0.0
357.89473684210526	68.73684210526315	9168.296180636818	7.974859118228726e-05	7.974859118228726e-05	9168.296180636818	0.0
357.89473684210526	63.526315789473685	9165.656140195377	8.291886689770188e-05	8.291886689770188e-05	9165.656140195377	0.0
357.89473684210526	58.315789473684205	9162.671082994717	8.650175435643256e-05	8.650175435643256e-05	9162.671082994717	0.0
357.89473684210526	53.10526315789473	9159.258581019767	9.059548289333501e-05	9.059548289333501e-05	9159.258581019767	0.0
357.89473684210526	47.89473684210526	9155.30569058694	9.533452824493608e-05	9.533452824493608e-05	9155.30569058694	0.0
357.89473684210526	42.68421052631579	9150.65269233809	0.00010090886471876276	0.00010090886471876276	9150.65269233809	0.0
357.89473684210526	37.473684210526315	9145.064805952241	0.00010759741005633376	0.00010759741005633376	9145.064805952241	0.0
357.89473684210526	32.26315789473684	9138.179719909733	0.00011582996681667989	0.00011582996681667989	9138.179719909733	0.0
357.89473684210526	27.052631578947366	9129.401946851938	0.00012631169157171875	0.00012631169157171875	9129.401946851938	0.0
357.89473684210526	21.842105263157894	9117.665733859334	0.00014030174016935946	0.00014030174016935946	9117.665733859334	0.0
357.89473684210526	16.63157894736842	9100.815732653775	0.0001603387636070847	0.0001603387636070847	9100.815732653775	0.0
357.89473684210526	11.421052631578947	9073.567384802695	0.00019261885616522151	0.00019261885616522151	9073.567384802695	0.0
357.89473684210526	6.2105263157894735	9017.31314779229	0.0002587832911841116	0.0002587832911841116	9017.31314779229	0.0
357.89473684210526	1.0	8707.169294463725	0.0006119273740730891	0.0006119273740730891	8707.169294463725	0.0
352.63157894736844	100.0	6595.994189034779	3.194160972424194e-05	3.194160972424194e-05	6595.994189034779	0.0
352.63157894736844	94.78947368421052	6595.1374449490295	3.280138046770183e-05	3.280138046770183e-05	6595.1374449490295	0.0
352.63157894736844	89.57894736842105	6594.207181928988	3.3734735146378525e-05	3.3734735146378525e-05	6594.207181928988	0.0
352.63157894736844	84.36842105263158	6593.192239259357	3.4752819630832574e-05	3.4752819630832574e-05	6593.192239259357	0.0
352.63157894736844	79.1578947368421	6592.078929566985	3.586929806255298e-05	3.586929806255298e-05	6592.078929566985	0.0
352.63157894736844	73.94736842105263	6590.850252168896	3.710113543175663e-05	3.710113543175663e-05	6590.850252168896	0.0
352.63157894736844	68.73684210526315	6589.484784688754	3.8469699646159435e-05	3.8469699646159435e-05	6589.484784688754	0.0
352.63157894736844	63.526315789473685	6587.955084866279	4.000234970193024e-05	4.000234970193024e-05	6587.955084866279	0.0
352.63157894736844	58.315789473684205	6586.2253242660445	4.173478563422052e-05	4.173478563422052e-05	6586.2253242660445	0.0
352.63157894736844	53.10526315789473	6584.247675564978	4.371463370354056e-05	4.371463370354056e-05	6584.247675564978	0.0
352.63157894736844	47.89473684210526	6581.956594747823	4.600711601183999e-05	4.600711601183999e-05	6581.956594747823	0.0
352.63157894736844	42.68421052631579	6579.259375481263	4.8704407764349236e-05	4.8704407764349236e-05	6579.259375481263	0.0
352.63157894736844	37.473684210526315	6576.019713828349	5.1941901064367356e-05	5.1941901064367356e-05	6576.019713828349	0.0
352.63157894736844	32.26315789473684	6572.027211319384	5.5928344588953994e-05	5.5928344588953994e-05	6572.027211319384	0.0
352.63157894736844	27.052631578947366	6566.935950076343	6.1006453323276085e-05	6.1006453323276085e-05	6566.935950076343	0.0
352.63157894736844	21.842105263157894	6560.126580554486	6.778872076465366e-05	6.778872076465366e-05	6560.126580554486	0.0
352.63157894736844	16.63157894736842	6550.345852648079	7.751146593957772e-05	7.751146593957772e-05	6550.345852648079	0.0
352.63157894736844	11.421052631578947	6534.518491598492	9.319736754879695e-05	9.319736754879695e-05	6534.518491598492	0.0
352.63157894736844	6.2105263157894735	6501.800430914197	0.00012543609715981734	0.00012543609715981734	6501.800430914197	0.0
352.63157894736844	1.0	6320.37590647868	0.00029960593730579785	0.00029960593730579785	6320.37590647868	0.0
347.36842105263156	100.0	4691.464706517783	1.5056847635502477e-05	1.5056847635502477e-05	4691.464706517783	0.0
347.36842105263156	94.78947368421052	4690.976938743576	1.5462733310224344e-05	1.5462733310224344e-05	4690.976938743576	0.0
347.36842105263156	89.57894736842105	4690.447293707218	1.590339283114137e-05	1.590339283114137e-05	4690.447293707218	0.0
347.36842105263156	84.36842105263158	4689.869411474387	1.638409800621927e-05	1.638409800621927e-05	4689.869411474387	0.0
347.36842105263156	79.1578947368421	4689.235491753751	1.6911312671091283e-05	1.6911312671091283e-05	4689.235491753751	0.0
347.36842105263156	73.94736842105263	4688.5358452973915	1.7493063393848303e-05	1.7493063393848303e-05	4688.5358452973915	0.0
347.36842105263156	68.73684210526315	4687.758261767297	1.813946162792559e-05	1.813946162792559e-05	4687.758261767297	0.0
347.36842105263156	63.526315789473685	4686.887098156525	1.886345634601536e-05	1.886345634601536e-05	4686.887098156525	0.0
347.36842105263156	58.315789473684205	4685.901928937501	1.9681947959536843e-05	1.9681947959536843e-05	4685.901928937501	0.0
347.36842105263156	53.10526315789473	4684.77548491095	2.061748823919353e-05	2.061748823919353e-05	4684.77548491095	0.0
347.36842105263156	47.89473684210526	4683.470390543991	2.1700969425423622e-05	2.1700969425423622e-05	4683.470390543991	0.0
347.36842105263156	42.68421052631579	4681.933773215085	2.2976064016650892e-05	2.2976064016650892e-05	4681.933773215085	0.0
347.36842105263156	37.473684210526315	4680.087881446003	2.4506944817088196e-05	2.4506944817088196e-05	4680.087881446003	0.0
347.36842105263156	32.26315789473684	4677.812672101535	2.6392598767381557e-05	2.6392598767381557e-05	4677.812672101535	0.0
347.36842105263156	27.052631578947366	4674.910728373443	2.8795629197144847e-05	2.8795629197144847e-05	4674.910728373443	0.0
347.36842105263156	21.842105263157894	4671.028463845994	3.2006844866391316e-05	3.2006844866391316e-05	4671.028463845994	0.0
347.36842105263156	16.63157894736842	4665.450068387476	3.661380893327336e-05	3.661380893327336e-05	4665.450068387476	0.0
347.36842105263156	11.421052631578947	4656.417864671203	4.405509803267655e-05	4.405509803267655e-05	4656.417864671203	0.0
347.36842105263156	6.2105263157894735	4637.726451524631	5.9383361498257256e-05	5.9383361498257256e-05	4637.726451524631	0.0
347.36842105263156	1.0	4533.5814239987685	0.00014303201159670357	0.00014303201159670357	4533.5814239987685	0.0
342.10526315789474	100.0	3301.5761122339227	6.9315170662311726e-06	6.9315170662311726e-06	3301.5761122339227	0.0
342.10526315789474	94.78947368421052	3301.303349477885	7.118597187430285e-06	7.118597187430285e-06	3301.303349477885	0.0
342.10526315789474	89.57894736842105	3301.007159043853	7.3217188314578865e-06	7.3217188314578865e-06	3301.007159043853	0.0
342.10526315789474	84.36842105263158	3300.683981724542	7.543315666909279e-06	7.543315666909279e-06	3300.683981724542	0.0
342.10526315789474	79.1578947368421	3300.3294519965934	7.786372000436924e-06	7.786372000436924e-06	3300.3294519965934	0.0
342.10526315789474	73.94736842105263	3299.938146820476	8.054594120545734e-06	8.054594120545734e-06	3299.938146820476	0.0
342.10526315789474	68.73684210526315	3299.5032316392135	8.352651682687098e-06	8.352651682687098e-06	3299.5032316392135	0.0
342.10526315789474	63.526315789473685	3299.0159498393255	8.68652570723106e-06	8.68652570723106e-06	3299.0159498393255	0.0
342.10526315789474	58.315789473684205	3298.4648666776043	9.06402373209517e-06	9.06402373209517e-06	3298.4648666776043	0.0
342.10526315789474	53.10526315789473	3297.834714669471	9.495566153611e-06	9.495566153611e-06	3297.834714669471	0.0
342.10526315789474	47.89473684210526	3297.1045656869173	9.995430467019984e-06	9.995430467019984e-06	3297.1045656869173	0.0
342.10526315789474	42.68421052631579	3296.244810358403	1.0583806154489245e-05	1.0583806154489245e-05	3296.244810358403	0.0
342.10526315789474	37.473684210526315	3295.2119003008816	1.1290369039137643e-05	1.1290369039137643e-05	3295.2119003008816	0.0
342.10526315789474	32.26315789473684	3293.938587620075	1.216091128464414e-05	1.216091128464414e-05	3293.938587620075	0.0
342.10526315789474	27.052631578947366	3292.3142554064534	1.3270688995409359e-05	1.3270688995409359e-05	3292.3142554064534	0.0
342.10526315789474	21.842105263157894	3290.1407255677814	1.4754373226408097e-05	1.4754373226408097e-05	3290.1407255677814	0.0
342.10526315789474	16.63157894736842	3287.016648075915	1.6884274734317168e-05	1.6884274734317168e-05	3287.016648075915	0.0
342.10526315789474	11.421052631578947	3281.9559516589534	2.032789178912665e-05	2.032789178912665e-05	3281.9559516589534	0.0
342.10526315789474	6.2105263157894735	3271.473894202118	2.743451252936798e-05	2.743451252936798e-05	3271.473894202118	0.0
342.10526315789474	1.0	3212.8367224209414	6.653943665005644e-05	6.653943665005644e-05	3212.8367224209414	0.0
336.8421052631579	100.0	2297.8505270406927	3.1130883222127e-06	3.1130883222127e-06	2297.8505270406927	0.0
336.8421052631579	94.78947368421052	2297.7008241370727	3.1971936648634543e-06	3.1971936648634543e-06	2297.7008241370727	0.0
336.8421052631579	89.57894736842105	2297.538258864685	3.2885157777703603e-06	3.2885157777703603e-06	2297.538258864685	0.0
336.8421052631579	84.36842105263158	2297.3608765800454	3.388150157536039e-06	3.388150157536039e-06	2297.3608765800454	0.0
336.8421052631579	79.1578947368421	2297.1662797151353	3.497440295694564e-06	3.497440295694564e-06	2297.1662797151353	0.0
336.8421052631579	73.94736842105263	2296.9514897557415	3.61805488584447e-06	3.61805488584447e-06	2296.9514897557415	0.0
336.8421052631579	68.73684210526315	2296.712752722932	3.752096606076162e-06	3.752096606076162e-06	2296.712752722932	0.0
336.8421052631579	63.526315789473685	2296.445258618809	3.9022589711141074e-06	3.9022589711141074e-06	2296.445258618809	0.0
336.8421052631579	58.315789473684205	2296.142725911236	4.0720585645366805e-06	4.0720585645366805e-06	2296.142725911236	0.0
336.8421052631579	53.10526315789473	2295.796766935903	4.266189590095378e-06	4.266189590095378e-06	2295.796766935903	0.0
336.8421052631579	47.89473684210526	2295.395883140627	4.491085003938594e-06	4.491085003938594e-06	2295.395883140627	0.0
336.8421052631579	42.68421052631579	2294.9238045343204	4.755843462482859e-06	4.755843462482859e-06	2294.9238045343204	0.0
336.8421052631579	37.473684210526315	2294.356598872038	5.073842152073285e-06	5.073842152073285e-06	2294.356598872038	0.0
336.8421052631579	32.26315789473684	2293.657304279577	5.465729407579592e-06	5.465729407579592e-06	2293.657304279577	0.0
336.8421052631579	27.052631578947366	2292.765110687088	5.965451971194907e-06	5.965451971194907e-06	2292.765110687088	0.0
336.8421052631579	21.842105263157894	2291.5710472915357	6.633786719103305e-06	6.633786719103305e-06	2291.5710472915357	0.0
336.8421052631579	16.63157894736842	2289.854357670665	7.593706508585328e-06	7.593706508585328e-06	2289.854357670665	0.0
336.8421052631579	11.421052631578947	2287.072418921339	9.14693427303552e-06	9.14693427303552e-06	2287.072418921339	0.0
336.8421052631579	6.2105263157894735	2281.306056755501	1.2357193891108071e-05	1.2357193891108071e-05	2281.306056755501	0.0
336.8421052631579	1.0	2248.942916179257	3.0142293295983753e-05	3.0142293295983753e-05	2248.942916179257	0.0
331.57894736842104	100.0	1580.8791981808977	1.3625252052845858e-06	1.3625252052845858e-06	1580.8791981808977	0.0
331.57894736842104	94.78947368421052	1580.7986254208993	1.3993658972034198e-06	1.3993658972034198e-06	1580.7986254208993	0.0
331.57894736842104	89.57894736842105	1580.711128006776	1.4393695327425266e-06	1.4393695327425266e-06	1580.711128006776	0.0
331.57894736842104	84.36842105263158	1580.61565338473	1.4830164689607847e-06	1.4830164689607847e-06	1580.61565338473	0.0
331.57894736842104	79.1578947368421	1580.5109104418468	1.5308958506562634e-06	1.5308958506562634e-06	1580.5109104418468	0.0
331.57894736842104	73.94736842105263	1580.3952951533104	1.5837394921900256e-06	1.5837394921900256e-06	1580.3952951533104	0.0
331.57894736842104	68.73684210526315	1580.266785788906	1.6424696211929e-06	1.6424696211929e-06	1580.266785788906	0.0
331.57894736842104	63.526315789473685	1580.122791760293	1.708267728081794e-06	1.708267728081794e-06	1580.122791760293	0.0
331.57894736842104	58.315789473684205	1579.9599297412492	1.7826765171639379e-06	1.7826765171639379e-06	1579.9599297412492	0.0
331.57894736842104	53.10526315789473	1579.773681720784	1.8677555801743077e-06	1.8677555801743077e-06	1579.773681720784	0.0
331.57894736842104	47.89473684210526	1579.5578535548989	1.966327816283915e-06	1.966327816283915e-06	1579.5578535548989	0.0
331.57894736842104	42.68421052631579	1579.3036800336024	2.0823865800046445e-06	2.0823865800046445e-06	1579.3036800336024	0.0
331.57894736842104	37.473684210526315	1578.9982667380464	2.221804256007474e-06	2.221804256007474e-06	1578.9982667380464	0.0
331.57894736842104	32.26315789473684	1578.6216966521945	2.3936473860001186e-06	2.3936473860001186e-06	1578.6216966521945	0.0
331.57894736842104	27.052631578947366	1578.1411972602339	2.6128262728750645e-06	2.6128262728750645e-06	1578.1411972602339	0.0
331.57894736842104	21.842105263157894	1577.4980296107988	2.906046073950231e-06	2.906046073950231e-06	1577.4980296107988	0.0
331.57894736842104	16.63157894736842	1576.5731683085912	3.32736893435683e-06	3.32736893435683e-06	1576.5731683085912	0.0
331.57894736842104	11.421052631578947	1575.0739374816437	4.009542746065536e-06	4.009542746065536e-06	1575.0739374816437	0.0
331.57894736842104	6.2105263157894735	1571.9645004866559	5.4212118995092285e-06	5.4212118995092285e-06	1571.9645004866559	0.0
331.57894736842104	1.0	1554.466424601244	1.3285210469625209e-05	1.3285210469625209e-05	1554.466424601244	0.0
326.3157894736842	100.0	1074.5481341467284	5.804644017580361e-07	5.804644017580361e-07	1074.5481341467284	0.0
326.3157894736842	94.78947368421052	1074.5056454268858	5.961695298425213e-07	5.961695298425213e-07	1074.5056454268858	0.0
326.3157894736842	89.57894736842105	1074.4595042967742	6.132236265534394e-07	6.132236265534394e-07	1074.4595042967742	0.0
326.3157894736842	84.36842105263158	1074.4091554839563	6.31831637776319e-07	6.31831637776319e-07	1074.4091554839563	0.0
326.3157894736842	79.1578947368421	1074.353917843731	6.52244939861938e-07	6.52244939861938e-07	1074.353917843731	0.0
326.3157894736842	73.94736842105263	1074.2929451218617	6.747758049585085e-07	6.747758049585085e-07	1074.2929451218617	0.0
326.3157894736842	68.73684210526315	1074.225170650806	6.998177862792686e-07	6.998177862792686e-07	1074.225170650806	0.0
326.3157894736842	63.526315789473685	1074.1492275764836	7.278751178676759e-07	7.278751178676759e-07	1074.1492275764836	0.0
326.3157894736842	58.315789473684205	1074.0633306959141	7.596062539924924e-07	7.596062539924924e-07	1074.0633306959141	0.0
326.3157894736842	53.10526315789473	1073.9650959689582	7.958903594851099e-07	7.958903594851099e-07	1073.9650959689582	0.0
326.3157894736842	47.89473684210526	1073.8512547088142	8.379325737972377e-07	8.379325737972377e-07	1073.8512547088142	0.0
326.3157894736842	42.68421052631579	1073.7171811449402	8.874379614841352e-07	8.874379614841352e-07	1073.7171811449402	0.0
326.3157894736842	37.473684210526315	1073.5560698016136	9.469143010373318e-07	9.469143010373318e-07	1073.5560698016136	0.0
326.3157894736842	32.26315789473684	1073.3574077697554	1.0202341900519057e-06	1.0202341900519057e-06	1073.3574077697554	0.0
326.3157894736842	27.052631578947366	1073.1038944937466	1.1137678301263346e-06	1.1137678301263346e-06	1073.1038944937466	0.0
326.3157894736842	21.842105263157894	1072.7645170697224	1.2389281564822095e-06	1.2389281564822095e-06	1072.7645170697224	0.0
326.3157894736842	16.63157894736842	1072.276419771471	1.418829339974789e-06	1.418829339974789e-06	1072.276419771471	0.0
326.3157894736842	11.421052631578947	1071.484997679969	1.7102627618115587e-06	1.7102627618115587e-06	1071.484997679969	0.0
326.3157894736842	6.2105263157894735	1069.84278093038	2.3139421317543134e-06	2.3139421317543134e-06	1069.84278093038	0.0
326.3157894736842	1.0	1060.5813750684897	5.691840279581496e-06	5.691840279581496e-06	1060.5813750684897	0.0
321.0526315789474	100.0	721.2089746747157	2.4040144348635653e-07	2.4040144348635653e-07	721.2089746747157	0.0
321.0526315789474	94.78947368421052	721.1870428866765	2.469091614292583e-07	2.469091614292583e-07	721.1870428866765	0.0
321.0526315789474	89.57894736842105	721.1632254672463	2.5397605232307994e-07	2.5397605232307994e-07	721.1632254672463	0.0
321.0526315789474	84.36842105263158	721.1372357032578	2.6168709582088886e-07	2.6168709582088886e-07	721.1372357032578	0.0
321.0526315789474	79.1578947368421	721.1087218791516	2.701465289462441e-07	2.701465289462441e-07	721.1087218791516	0.0
321.0526315789474	73.94736842105263	721.0772470117183	2.794838472221566e-07	2.794838472221566e-07	721.0772470117183	0.0
321.0526315789474	68.73684210526315	721.042260285828	2.8986226236223886e-07	2.8986226236223886e-07	721.042260285828	0.0
321.0526315789474	63.526315789473685	721.0030558501585	3.0149090096490517e-07	3.0149090096490517e-07	721.0030558501585	0.0
321.0526315789474	58.315789473684205	720.958711781664	3.146428716689495e-07	3.146428716689495e-07	720.958711781664	0.0
321.0526315789474	53.10526315789473	720.9079968517943	3.296828587600647e-07	3.296828587600647e-07	720.9079968517943	0.0
321.0526315789474	47.89473684210526	720.849222879524	3.471108117892058e-07	3.471108117892058e-07	720.849222879524	0.0
321.0526315789474	42.68421052631579	720.7800006588465	3.676341525388746e-07	3.676341525388746e-07	720.7800006588465	0.0
321.0526315789474	37.473684210526315	720.6968149417294	3.9229348152252626e-07	3.9229348152252626e-07	720.6968149417294	0.0
321.0526315789474	32.26315789473684	720.5942350515742	4.226959839275749e-07	4.226959839275749e-07	720.5942350515742	0.0
321.0526315789474	27.052631578947366	720.4633231518515	4.6148590271083677e-07	4.6148590271083677e-07	720.4633231518515	0.0
321.0526315789474	21.842105263157894	720.2880553659279	5.134018777731778e-07	5.134018777731778e-07	720.2880553659279	0.0
321.0526315789474	16.63157894736842	720.0359498088854	5.880441168109778e-07	5.880441168109778e-07	720.0359498088854	0.0
321.0526315789474	11.421052631578947	719.6270921463964	7.090119713947632e-07	7.090119713947632e-07	719.6270921463964	0.0
321.0526315789474	6.2105263157894735	718.7783772039636	9.597843717720005e-07	9.597843717720005e-07	718.7783772039636	0.0
321.0526315789474	1.0	713.9836902382942	2.367978616830832e-06	2.367978616830832e-06	713.9836902382942	0.0
315.7894736842105	100.0	477.6887453903699	9.665922251164525e-08	9.665922251164525e-08	477.6887453903699	0.0
315.7894736842105	94.78947368421052	477.67767537756833	9.927688564910704e-08	9.927688564910704e-08	477.67767537756833	0.0
315.7894736842105	89.57894736842105	477.66565346363325	1.021195348274216e-07	1.021195348274216e-07	477.66565346363325	0.0
315.7894736842105	84.36842105263158	477.65253489353165	1.052213702314221e-07	1.052213702314221e-07	477.65253489353165	0.0
315.7894736842105	79.1578947368421	477.6381420905207	1.0862434387294022e-07	1.0862434387294022e-07	477.6381420905207	0.0
315.7894736842105	73.94736842105263	477.6222544225845	1.1238057576146367e-07	1.1238057576146367e-07	477.6222544225845	0.0
315.7894736842105	68.73684210526315	477.604593777633	1.1655575932584e-07	1.1655575932584e-07	477.604593777633	0.0
315.7894736842105	63.526315789473685	477.5848037549371	1.2123407342609562e-07	1.2123407342609562e-07	477.5848037549371	0.0
315.7894736842105	58.315789473684205	477.56241884053753	1.2652545790391697e-07	1.2652545790391697e-07	477.56241884053753	0.0
315.7894736842105	53.10526315789473	477.5368173198822	1.3257672624756115e-07	1.3257672624756115e-07	477.5368173198822	0.0
315.7894736842105	47.89473684210526	477.50714670608414	1.3958916208698602e-07	1.3958916208698602e-07	477.50714670608414	0.0
315.7894736842105	42.68421052631579	477.4722004606575	1.4784760431075236e-07	1.4784760431075236e-07	477.4722004606575	0.0
315.7894736842105	37.473684210526315	477.4302033081384	1.5777108785298273e-07	1.5777108785298273e-07	477.4302033081384	0.0
315.7894736842105	32.26315789473684	477.3784124725483	1.7000688424035322e-07	1.7000688424035322e-07	477.3784124725483	0.0
315.7894736842105	27.052631578947366	477.3123135377056	1.856200899461974e-07	1.856200899461974e-07	477.3123135377056	0.0
315.7894736842105	21.842105263157894	477.2238122150876	2.0651979735839722e-07	2.0651979735839722e-07	477.2238122150876	0.0
315.7894736842105	16.63157894736842	477.09649849542177	2.3657474541118866e-07	2.3657474541118866e-07	477.09649849542177	0.0
315.7894736842105	11.421052631578947	476.88999151295445	2.852988506870292e-07	2.852988506870292e-07	476.88999151295445	0.0
315.7894736842105	6.2105263157894735	476.4611889855177	3.8636952571871255e-07	3.8636952571871255e-07	476.4611889855177	0.0
315.7894736842105	1.0	474.03539847409724	9.55524685932553e-07	9.55524685932553e-07	474.03539847409724	0.0
310.5263157894737	100.0	312.0323636665077	3.767622902470202e-08	3.767622902470202e-08	312.0323636665077	0.0
310.5263157894737	94.78947368421052	312.02690579238015	3.86968823858402e-08	3.86968823858402e-08	312.02690579238015	0.0
310.5263157894737	89.57894736842105	312.02097854842833	3.980527980704432e-08	3.980527980704432e-08	312.02097854842833	0.0
310.5263157894737	84.36842105263158	312.01451055127626	4.1014761794311936e-08	4.1014761794311936e-08	312.01451055127626	0.0
310.5263157894737	79.1578947368421	312.00741423076096	4.2341693129307276e-08	4.2341693129307276e-08	312.00741423076096	0.0
310.5263157894737	73.94736842105263	311.999580782622	4.380640565645669e-08	4.380640565645669e-08	311.999580782622	0.0
310.5263157894737	68.73684210526315	311.9908730538707	4.543452713337198e-08	4.543452713337198e-08	311.9908730538707	0.0
310.5263157894737	63.526315789473685	311.9811152792994	4.725889807047823e-08	4.725889807047823e-08	311.9811152792994	0.0
310.5263157894737	58.315789473684205	311.9700778773433	4.93224110605001e-08	4.93224110605001e-08	311.9700778773433	0.0
310.5263157894737	53.10526315789473	311.9574542236848	5.1682347830021416e-08	5.1682347830021416e-08	311.9574542236848	0.0
310.5263157894737	47.89473684210526	311.9428238666207	5.441724727445371e-08	5.441724727445371e-08	311.9428238666207	0.0
310.5263157894737	42.68421052631579	311.9255917136983	5.763825848075503e-08	5.763825848075503e-08	311.9255917136983	0.0
310.5263157894737	37.473684210526315	311.90488212315296	6.150890956636988e-08	6.150890956636988e-08	311.90488212315296	0.0
310.5263157894737	32.26315789473684	311.879342175388	6.628182266476502e-08	6.628182266476502e-08	311.879342175388	0.0
310.5263157894737	27.052631578947366	311.8467449277613	7.23727422040217e-08	7.23727422040217e-08	311.8467449277613	0.0
310.5263157894737	21.842105263157894	311.8030971985784	8.052696910955388e-08	8.052696910955388e-08	311.8030971985784	0.0
310.5263157894737	16.63157894736842	311.74030255597756	9.22551567850881e-08	9.22551567850881e-08	311.74030255597756	0.0
310.5263157894737	11.421052631578947	311.6384347298847	1.1127341506055293e-07	1.1127341506055293e-07	311.6384347298847	0.0
310.5263157894737	6.2105263157894735	311.4268598141559	1.5074324371860144e-07	1.5074324371860144e-07	311.4268598141559	0.0
310.5263157894737	1.0	310.22865629152693	3.7350017729620574e-07	3.7350017729620574e-07	310.22865629152693	0.0
305.2631578947368	100.0	200.87561987186163	1.4214715300146665e-08	1.4214715300146665e-08	200.87561987186163	0.0
305.2631578947368	94.78947368421052	200.87299447882606	1.4599890401143463e-08	1.4599890401143463e-08	200.87299447882606	0.0
305.2631578947368	89.57894736842105	200.87014328611627	1.5018184226717998e-08	1.5018184226717998e-08	200.87014328611627	0.0
305.2631578947368	84.36842105263158	200.8670319508725	1.547463284640427e-08	1.547463284640427e-08	200.8670319508725	0.0
305.2631578947368	79.1578947368421	200.86361834219647	1.5975414150444756e-08	1.5975414150444756e-08	200.86361834219647	0.0
305.2631578947368	73.94736842105263	200.85985011256415	1.6528203844554297e-08	1.6528203844554297e-08	200.85985011256415	0.0
305.2631578947368	68.73684210526315	200.85566127445907	1.714267723875399e-08	1.714267723875399e-08	200.85566127445907	0.0
305.2631578947368	63.526315789473685	200.85096726176855	1.7831233094976406e-08	1.7831233094976406e-08	200.85096726176855	0.0
305.2631578947368	58.315789473684205	200.84565761367878	1.8610065875636095e-08	1.8610065875636095e-08	200.84565761367878	0.0
305.2631578947368	53.10526315789473	200.8395847980668	1.9500803671692975e-08	1.9500803671692975e-08	200.8395847980668	0.0
305.2631578947368	47.89473684210526	200.83254651016293	2.0533102119401945e-08	2.0533102119401945e-08	200.83254651016293	0.0
305.2631578947368	42.68421052631579	200.8242564073307	2.1748932469360858e-08	2.1748932469360858e-08	200.8242564073307	0.0
305.2631578947368	37.473684210526315	200.81429314088592	2.321004886846739e-08	2.321004886846739e-08	200.81429314088592	0.0
305.2631578947368	32.26315789473684	200.80200567712816	2.5011857887982834e-08	2.5011857887982834e-08	200.80200567712816	0.0
305.2631578947368	27.052631578947366	200.7863223472159	2.731138649077995e-08	2.731138649077995e-08	200.7863223472159	0.0
305.2631578947368	21.842105263157894	200.765321403681	3.039016924906871e-08	3.039016924906871e-08	200.765321403681	0.0
305.2631578947368	16.63157894736842	200.73510606962878	3.4818942386924594e-08	3.4818942386924594e-08	200.73510606962878	0.0
305.2631578947368	11.421052631578947	200.6860847914057	4.200201655448377e-08	4.200201655448377e-08	200.6860847914057	0.0
305.2631578947368	6.2105263157894735	200.5842506896212	5.6915212077903525e-08	5.6915212077903525e-08	200.5842506896212	0.0
305.2631578947368	1.0	200.00705045456385	1.412261968846242e-07	1.412261968846242e-07	200.00705045456385	0.0
300.0	100.0	127.35280396176769	5.182461545671484e-09	5.182461545671484e-09	127.35280396176769	0.0
300.0	94.78947368421052	127.35157335735816	5.322917528710384e-09	5.322917528710384e-09	127.35157335735816	0.0
300.0	89.57894736842105	127.35023690651167	5.475452043269462e-09	5.475452043269462e-09	127.35023690651167	0.0
300.0	84.36842105263158	127.34877850968796	5.641901971056765e-09	5.641901971056765e-09	127.34877850968796	0.0
300.0	79.1578947368421	127.34717841622133	5.824520709487287e-09	5.824520709487287e-09	127.34717841622133	0.0
300.0	73.94736842105263	127.34541208571676	6.026108044492659e-09	6.026108044492659e-09	127.34541208571676	0.0
300.0	68.73684210526315	127.34344858303909	6.250193216273495e-09	6.250193216273495e-09	127.34344858303909	0.0
300.0	63.526315789473685	127.34124826286516	6.5012990056394725e-09	6.5012990056394725e-09	127.34124826286516	0.0
300.0	58.315789473684205	127.33875933949784	6.785332942599082e-09	6.785332942599082e-09	127.33875933949784	0.0
300.0	53.10526315789473	127.335912646573	7.110184924210265e-09	7.110184924210265e-09	127.335912646573	0.0
300.0	47.89473684210526	127.33261333739691	7.486673675559134e-09	7.486673675559134e-09	127.33261333739691	0.0
300.0	42.68421052631579	127.32872716298178	7.930111442378246e-09	7.930111442378246e-09	127.32872716298178	0.0
300.0	37.473684210526315	127.32405657328327	8.463028911218758e-09	8.463028911218758e-09	127.32405657328327	0.0
300.0	32.26315789473684	127.31829632120616	9.120236734172576e-09	9.120236734172576e-09	127.31829632120616	0.0
300.0	27.052631578947366	127.31094392051324	9.959032930006672e-09	9.959032930006672e-09	127.31094392051324	0.0
300.0	21.842105263157894	127.30109825730176	1.1082156981007536e-08	1.1082156981007536e-08	127.30109825730176	0.0
300.0	16.63157894736842	127.28693200727106	1.2697911826583058e-08	1.2697911826583058e-08	127.28693200727106	0.0
300.0	11.421052631578947	127.26394697364248	1.531892659628414e-08	1.531892659628414e-08	127.26394697364248	0.0
300.0	6.2105263157894735	127.21619222011132	2.0762168113765854e-08	2.0762168113765854e-08	127.21619222011132	0.0
300.0	1.0	126.94533958877817	5.157609463447518e-08	5.157609463447518e-08	126.94533958877817	0.0
